80 40.959999 0.000000 
120 50.086956 0.000000 
160 48.188236 0.000000 
200 45.584049 0.000000 
240 50.917126 0.000000 
280 42.583897 0.000000 
320 40.756218 0.000000 
360 39.791901 0.000000 
400 40.213638 0.000000 
440 38.492542 0.000000 
480 39.881718 0.000000 
520 38.506916 0.000000 
560 39.633492 0.000000 
600 39.272728 0.000000 
640 31.598843 0.000000 
680 38.984810 0.000000 
720 38.762905 0.000000 
760 38.397202 0.000000 
800 38.460094 0.000000 
840 38.040176 0.000000 
880 38.179840 0.000000 
920 37.727131 0.000000 
960 29.340586 0.000000 
1000 34.043133 0.000000 
