80 42.666664 0.000000 
120 37.161289 0.000000 
160 35.463203 0.000000 
200 47.761196 0.000000 
240 39.272728 0.000000 
280 32.117043 0.000000 
320 31.417065 0.000000 
360 30.355240 0.000000 
400 31.288193 0.000000 
440 29.043301 0.000000 
480 30.609465 0.000000 
520 29.326937 0.000000 
560 29.843824 0.000000 
600 28.759737 0.000000 
640 24.478849 0.000000 
680 28.600327 0.000000 
720 30.107931 0.000000 
760 28.187370 0.000000 
800 29.953785 0.000000 
840 27.852631 0.000000 
880 29.120247 0.000000 
920 27.684717 0.000000 
960 25.144547 0.000000 
1000 26.844557 0.000000 
