80 14.222221 0.000000 
120 14.961040 0.000000 
160 15.086556 0.000000 
200 11.611031 0.000000 
240 14.628572 0.000000 
280 12.981668 0.000000 
320 13.605148 0.000000 
360 13.140685 0.000000 
400 13.707433 0.000000 
440 13.086104 0.000000 
480 13.484362 0.000000 
520 12.911662 0.000000 
560 13.264048 0.000000 
600 12.817470 0.000000 
640 10.782494 0.000000 
680 12.727722 0.000000 
720 13.384782 0.000000 
760 12.746849 0.000000 
800 13.201832 0.000000 
840 12.680466 0.000000 
880 13.281854 0.000000 
920 12.007063 0.000000 
960 10.766027 0.000000 
1000 11.858528 0.000000 
