80 10.240000 0.000000 
120 10.164706 0.000000 
160 6.486145 0.000000 
200 10.249840 0.000000 
240 9.874286 0.000000 
280 8.938110 0.000000 
320 8.448627 0.000000 
360 8.308433 0.000000 
400 8.194623 0.000000 
440 8.071635 0.000000 
480 7.993928 0.000000 
520 8.056842 0.000000 
560 7.904222 0.000000 
600 8.031382 0.000000 
640 5.691421 0.000000 
680 7.981217 0.000000 
720 7.854628 0.000000 
760 7.838997 0.000000 
800 7.370672 0.000000 
840 7.690812 0.000000 
880 7.452669 0.000000 
920 7.488429 0.000000 
960 6.001181 0.000000 
1000 7.096678 0.000000 
