40 1.542169 21600.000000 
80 1.582689 182400.000000 
120 8.771574 626400.000000 
160 8.216650 1497600.000000 
200 8.560728 2940000.000000 
240 8.105541 5097600.000000 
280 8.343596 8114400.000000 
320 7.139776 12134400.000000 
360 7.693931 17301600.000000 
400 7.224292 23760000.000000 
440 7.204330 31653600.000000 
480 7.244097 41126400.000000 
520 7.201065 52322400.000000 
560 7.219717 65385600.000000 
600 7.236787 80460000.000000 
640 5.251598 97689600.000000 
680 7.248902 117218400.000000 
720 7.242893 139190400.000000 
760 7.222257 163749600.000000 
800 6.034462 191040000.000000 
