80 40.959999 0.000000 
120 47.342464 0.000000 
160 47.352604 0.000000 
200 47.619049 0.000000 
240 49.108349 0.000000 
280 41.070160 0.000000 
320 48.980572 0.000000 
360 48.248192 0.000000 
400 48.484848 0.000000 
440 48.496441 0.000000 
480 48.388535 0.000000 
520 47.972706 0.000000 
560 48.279308 0.000000 
600 47.624298 0.000000 
640 44.620258 0.000000 
680 45.862309 0.000000 
720 46.641426 0.000000 
760 46.147278 0.000000 
800 46.353722 0.000000 
840 45.830582 0.000000 
880 45.824024 0.000000 
920 45.343739 0.000000 
960 45.641415 0.000000 
1000 45.396770 0.000000 
