40 3.121951 384.000000 
80 4.762791 1024.000000 
120 4.780083 2048.000000 
160 3.567944 3584.000000 
200 4.722550 4608.000000 
240 4.754601 6656.000000 
280 4.499743 7680.000000 
320 4.757950 8192.000000 
360 4.760573 11264.000000 
400 4.760842 13312.000000 
440 4.753837 17408.000000 
480 4.752557 18432.000000 
520 4.744420 22528.000000 
560 4.670825 23552.000000 
600 4.685721 24576.000000 
640 4.474631 28672.000000 
680 4.653219 28672.000000 
720 4.714365 34816.000000 
760 4.687110 36864.000000 
800 4.701561 45056.000000 
