80 42.666664 0.000000 
120 50.086956 0.000000 
160 51.522011 0.000000 
200 47.337280 0.000000 
240 49.906136 0.000000 
280 40.878956 0.000000 
320 40.132271 0.000000 
360 39.405403 0.000000 
400 40.037537 0.000000 
440 38.632198 0.000000 
480 39.504196 0.000000 
520 39.232143 0.000000 
560 38.567253 0.000000 
600 30.493402 0.000000 
640 31.098404 0.000000 
680 37.760540 0.000000 
720 38.317219 0.000000 
760 37.758129 0.000000 
800 37.696957 0.000000 
840 37.867619 0.000000 
880 38.024330 0.000000 
920 36.888912 0.000000 
960 32.104507 0.000000 
1000 33.048019 0.000000 
