80 42.666664 0.000000 
120 49.371426 0.000000 
160 51.848103 0.000000 
200 45.325779 0.000000 
240 45.623760 0.000000 
280 41.853195 0.000000 
320 40.305042 0.000000 
360 39.322380 0.000000 
400 39.850563 0.000000 
440 38.914574 0.000000 
480 39.511257 0.000000 
520 39.314411 0.000000 
560 36.967899 0.000000 
600 38.765255 0.000000 
640 30.896811 0.000000 
680 38.637501 0.000000 
720 38.766933 0.000000 
760 37.857445 0.000000 
800 37.709446 0.000000 
840 37.886982 0.000000 
880 38.251633 0.000000 
920 37.402756 0.000000 
960 31.318089 0.000000 
1000 36.287102 0.000000 
