40 12.800000 0.000000 
80 14.422535 0.000000 
120 14.832618 0.000000 
160 9.881785 0.000000 
200 15.037596 0.000000 
240 14.777124 0.000000 
280 13.244041 0.000000 
320 12.969721 0.000000 
360 13.046980 0.000000 
400 13.280764 0.000000 
440 12.432899 0.000000 
480 12.753503 0.000000 
520 12.458621 0.000000 
560 12.703244 0.000000 
600 12.008339 0.000000 
640 10.177979 0.000000 
680 12.126887 0.000000 
720 12.602918 0.000000 
760 10.022397 0.000000 
800 10.179029 0.000000 
840 12.177514 0.000000 
880 12.629440 0.000000 
920 12.041133 0.000000 
960 10.371201 0.000000 
1000 11.268684 0.000000 
1040 9.730152 0.000000 
1080 8.755753 0.000000 
1120 7.013489 0.000000 
1160 6.046703 0.000000 
1200 5.951561 0.000000 
