40 6.095238 0.000000 
80 6.481013 0.000000 
120 8.150944 0.000000 
160 7.937985 0.000000 
200 8.084892 0.000000 
240 8.240835 0.000000 
280 7.296659 0.000000 
320 6.322207 0.000000 
360 7.168472 0.000000 
400 7.074560 0.000000 
440 6.575884 0.000000 
480 6.123758 0.000000 
520 6.018405 0.000000 
560 5.897706 0.000000 
600 6.048472 0.000000 
640 3.949885 0.000000 
680 5.965207 0.000000 
720 6.077918 0.000000 
760 6.033868 0.000000 
800 5.913777 0.000000 
840 5.710168 0.000000 
880 6.072670 0.000000 
920 5.959355 0.000000 
960 4.233693 0.000000 
1000 5.646655 0.000000 
1040 3.585726 0.000000 
1080 2.661520 0.000000 
1120 1.988243 0.000000 
1160 1.616484 0.000000 
1200 1.500224 0.000000 
