80 35.310345 0.000000 
120 37.565216 0.000000 
160 40.756218 0.000000 
200 40.816330 0.000000 
240 41.701359 0.000000 
280 44.302723 0.000000 
320 44.401085 0.000000 
360 44.434288 0.000000 
400 44.661552 0.000000 
440 43.439060 0.000000 
480 44.450161 0.000000 
520 44.251141 0.000000 
560 42.134354 0.000000 
600 43.893520 0.000000 
640 42.642372 0.000000 
680 42.464985 0.000000 
720 43.398407 0.000000 
760 42.912750 0.000000 
800 43.277969 0.000000 
840 42.831623 0.000000 
880 42.036331 0.000000 
920 41.986843 0.000000 
960 41.547630 0.000000 
1000 41.697071 0.000000 
