80 12.047059 0.000000 
120 10.902208 0.000000 
160 11.145578 0.000000 
200 12.608354 0.000000 
240 12.459667 0.000000 
280 12.412779 0.000000 
320 12.405073 0.000000 
360 12.489895 0.000000 
400 12.300597 0.000000 
440 12.401223 0.000000 
480 12.382936 0.000000 
520 12.386733 0.000000 
560 12.299331 0.000000 
600 12.350974 0.000000 
640 12.172362 0.000000 
680 12.317866 0.000000 
720 12.342653 0.000000 
760 12.355253 0.000000 
800 12.340176 0.000000 
840 11.175188 0.000000 
880 12.309715 0.000000 
920 12.305145 0.000000 
960 12.074845 0.000000 
1000 12.123490 0.000000 
