1024 2312.503906 0.000000 
1152 2292.227051 0.000000 
1280 2290.867676 0.000000 
1408 2326.835693 0.000000 
1536 2557.213867 0.000000 
1664 2425.991455 0.000000 
1792 2520.544678 0.000000 
1920 2879.118896 0.000000 
2048 2883.224854 0.000000 
2176 3047.075439 0.000000 
2304 3159.993408 0.000000 
2432 3082.677734 0.000000 
2560 3061.705811 0.000000 
2688 3173.716553 0.000000 
2816 3150.739502 0.000000 
2944 3128.543213 0.000000 
3072 3148.822266 0.000000 
3200 3147.892578 0.000000 
3328 3149.022949 0.000000 
3456 3185.179443 0.000000 
3584 3143.410645 0.000000 
3712 3159.205811 0.000000 
3840 3150.628906 0.000000 
3968 3135.819092 0.000000 
4096 3182.586426 0.000000 
4224 3173.444580 0.000000 
4352 3157.914062 0.000000 
4480 3157.638184 0.000000 
4608 3139.516846 0.000000 
4736 3156.512207 0.000000 
4864 3190.584229 0.000000 
4992 3118.781494 0.000000 
5120 3149.292969 0.000000 
5248 3155.328125 0.000000 
5376 3152.544678 0.000000 
5504 3149.533447 0.000000 
5632 3148.511963 0.000000 
5760 3146.899170 0.000000 
5888 3148.382812 0.000000 
6016 3162.536621 0.000000 
6144 3157.508545 0.000000 
