1024 1038.145752 0.000000 
1152 1121.180542 0.000000 
1280 1088.402832 0.000000 
1408 1092.047852 0.000000 
1536 1162.047852 0.000000 
1664 1113.890503 0.000000 
1792 1263.131714 0.000000 
1920 1283.208008 0.000000 
2048 1278.772461 0.000000 
2176 1355.424438 0.000000 
2304 1397.454834 0.000000 
2432 1367.426636 0.000000 
2560 1381.173706 0.000000 
2688 1391.494629 0.000000 
2816 1382.405762 0.000000 
2944 1380.599854 0.000000 
3072 1395.247314 0.000000 
3200 1384.847778 0.000000 
3328 1390.221191 0.000000 
3456 1393.921997 0.000000 
3584 1390.752930 0.000000 
3712 1391.703491 0.000000 
3840 1393.533081 0.000000 
3968 1379.500122 0.000000 
4096 1384.490723 0.000000 
4224 1383.256836 0.000000 
4352 1380.207886 0.000000 
4480 1383.783691 0.000000 
4608 1385.551514 0.000000 
4736 1383.207397 0.000000 
4864 1382.705200 0.000000 
4992 1382.566772 0.000000 
5120 1384.818115 0.000000 
5248 1383.712524 0.000000 
5376 1386.033203 0.000000 
5504 1386.890747 0.000000 
5632 1385.550537 0.000000 
5760 1386.118774 0.000000 
5888 1384.419556 0.000000 
6016 1383.720947 0.000000 
6144 1388.200806 0.000000 
