1024 2865.083984 0.000000 
1152 2923.494629 0.000000 
1280 3009.275391 0.000000 
1408 3098.700439 0.000000 
1536 3170.075928 0.000000 
1664 3069.991211 0.000000 
1792 3185.834473 0.000000 
1920 3494.825195 0.000000 
2048 3539.473633 0.000000 
2176 3577.855225 0.000000 
2304 3868.873047 0.000000 
2432 3834.832764 0.000000 
2560 3816.848389 0.000000 
2688 3848.629395 0.000000 
2816 3893.397705 0.000000 
2944 3848.305176 0.000000 
3072 3884.730469 0.000000 
3200 3882.413330 0.000000 
3328 3874.887451 0.000000 
3456 3876.002197 0.000000 
3584 3883.788086 0.000000 
3712 3897.700928 0.000000 
3840 3881.527588 0.000000 
3968 3885.239014 0.000000 
4096 3850.282471 0.000000 
4224 3851.219482 0.000000 
4352 3842.209229 0.000000 
4480 3849.104492 0.000000 
4608 3847.680176 0.000000 
4736 3846.471191 0.000000 
4864 3852.234375 0.000000 
4992 3860.460693 0.000000 
5120 3850.581787 0.000000 
5248 3856.097168 0.000000 
5376 3849.460938 0.000000 
5504 3851.569580 0.000000 
5632 3857.039307 0.000000 
5760 3856.306152 0.000000 
5888 3845.683350 0.000000 
6016 3846.541016 0.000000 
6144 3856.401367 0.000000 
