1024 258.057434 0.000000 
1152 273.214233 0.000000 
1280 266.683472 0.000000 
1408 257.931061 0.000000 
1536 311.295563 0.000000 
1664 311.057129 0.000000 
1792 328.563660 0.000000 
1920 325.234222 0.000000 
2048 337.831635 0.000000 
2176 325.952515 0.000000 
2304 322.632660 0.000000 
2432 317.738464 0.000000 
2560 312.107788 0.000000 
2688 307.012024 0.000000 
2816 315.264404 0.000000 
2944 311.892853 0.000000 
3072 295.594360 0.000000 
3200 275.912201 0.000000 
3328 269.989655 0.000000 
3456 264.691437 0.000000 
3584 264.884216 0.000000 
3712 266.904663 0.000000 
3840 261.710205 0.000000 
3968 272.520630 0.000000 
4096 289.008942 0.000000 
4224 258.182953 0.000000 
4352 250.064270 0.000000 
4480 248.364105 0.000000 
4608 247.295029 0.000000 
4736 243.185486 0.000000 
4864 242.050888 0.000000 
4992 237.259628 0.000000 
5120 237.630188 0.000000 
5248 234.672974 0.000000 
5376 235.034256 0.000000 
5504 235.022339 0.000000 
5632 229.432129 0.000000 
5760 221.460495 0.000000 
5888 219.557709 0.000000 
6016 220.089142 0.000000 
6144 215.203812 0.000000 
