1024 2834.827148 0.000000 
1152 2392.136230 0.000000 
1280 2906.832764 0.000000 
1408 2772.280762 0.000000 
1536 3089.726562 0.000000 
1664 3008.128906 0.000000 
1792 2946.017090 0.000000 
1920 2923.335938 0.000000 
2048 2965.039795 0.000000 
2176 3110.842041 0.000000 
2304 3152.981201 0.000000 
2432 3109.966553 0.000000 
2560 3078.306885 0.000000 
2688 3118.244629 0.000000 
2816 3333.272949 0.000000 
2944 3798.505371 0.000000 
3072 3762.465332 0.000000 
3200 3745.003418 0.000000 
3328 3776.016846 0.000000 
3456 3749.573486 0.000000 
3584 3748.852051 0.000000 
3712 3776.020996 0.000000 
3840 3753.601318 0.000000 
3968 3780.482666 0.000000 
4096 3775.241211 0.000000 
4224 3773.018555 0.000000 
4352 3789.468750 0.000000 
4480 3768.047852 0.000000 
4608 3769.745117 0.000000 
4736 3783.359131 0.000000 
4864 3794.660400 0.000000 
4992 3799.523682 0.000000 
5120 3799.560059 0.000000 
5248 3784.164307 0.000000 
5376 3801.875977 0.000000 
5504 3780.677002 0.000000 
5632 3793.667236 0.000000 
5760 3786.948242 0.000000 
5888 3786.906738 0.000000 
6016 3793.749023 0.000000 
6144 3778.304688 0.000000 
