1024 173.129211 0.000000 
1152 166.738190 0.000000 
1280 167.875290 0.000000 
1408 181.675537 0.000000 
1536 188.876526 0.000000 
1664 200.716537 0.000000 
1792 198.438019 0.000000 
1920 198.122696 0.000000 
2048 204.484940 0.000000 
2176 200.311356 0.000000 
2304 199.364487 0.000000 
2432 201.800293 0.000000 
2560 204.950073 0.000000 
2688 204.467102 0.000000 
2816 202.324539 0.000000 
2944 200.028641 0.000000 
3072 199.439606 0.000000 
3200 198.537720 0.000000 
3328 197.318481 0.000000 
3456 196.969940 0.000000 
3584 196.804764 0.000000 
3712 197.647491 0.000000 
3840 203.791809 0.000000 
3968 197.010910 0.000000 
4096 199.858643 0.000000 
4224 199.176849 0.000000 
4352 201.172958 0.000000 
4480 202.508118 0.000000 
4608 197.973709 0.000000 
4736 194.766083 0.000000 
4864 194.868134 0.000000 
4992 192.099945 0.000000 
5120 198.549042 0.000000 
5248 172.067291 0.000000 
5376 175.135925 0.000000 
5504 174.949692 0.000000 
5632 175.122025 0.000000 
5760 173.955933 0.000000 
5888 171.746109 0.000000 
6016 172.705429 0.000000 
6144 174.223846 0.000000 
