1024 2786.797363 0.000000 
1152 2857.571777 0.000000 
1280 2952.936523 0.000000 
1408 3045.791260 0.000000 
1536 3112.014648 0.000000 
1664 3006.966797 0.000000 
1792 3126.214355 0.000000 
1920 3076.165771 0.000000 
2048 3063.509766 0.000000 
2176 3129.588867 0.000000 
2304 3129.373047 0.000000 
2432 3139.320312 0.000000 
2560 3133.126465 0.000000 
2688 3141.063721 0.000000 
2816 3372.368408 0.000000 
2944 3775.090576 0.000000 
3072 3755.229004 0.000000 
3200 3775.706787 0.000000 
3328 3769.578857 0.000000 
3456 3771.256592 0.000000 
3584 3778.116455 0.000000 
3712 3785.706787 0.000000 
3840 3775.582520 0.000000 
3968 3778.236328 0.000000 
4096 3778.270020 0.000000 
4224 3782.280029 0.000000 
4352 3773.513672 0.000000 
4480 3773.464844 0.000000 
4608 3774.822266 0.000000 
4736 3778.525391 0.000000 
4864 3781.715088 0.000000 
4992 3778.739990 0.000000 
5120 3779.047119 0.000000 
5248 3778.824951 0.000000 
5376 3781.155518 0.000000 
5504 3775.115479 0.000000 
5632 3775.717041 0.000000 
5760 3773.045166 0.000000 
5888 3775.532715 0.000000 
6016 3775.213135 0.000000 
6144 3778.317383 0.000000 
