1024 2632.545898 0.000000 
1152 3362.121582 0.000000 
1280 3177.734131 0.000000 
1408 3398.531982 0.000000 
1536 3977.668457 0.000000 
1664 3609.807373 0.000000 
1792 3405.047852 0.000000 
1920 3785.517578 0.000000 
2048 3648.757812 0.000000 
2176 3775.764893 0.000000 
2304 3885.095215 0.000000 
2432 3840.369873 0.000000 
2560 3812.116455 0.000000 
2688 3802.669922 0.000000 
2816 3813.910156 0.000000 
2944 3963.320557 0.000000 
3072 3968.686035 0.000000 
3200 3942.935303 0.000000 
3328 4363.332031 0.000000 
3456 4666.258301 0.000000 
3584 4671.210449 0.000000 
3712 4721.074707 0.000000 
3840 4780.574219 0.000000 
3968 4733.508301 0.000000 
4096 4682.377930 0.000000 
4224 4716.640137 0.000000 
4352 4710.682129 0.000000 
4480 4718.053711 0.000000 
4608 4729.587402 0.000000 
4736 4747.935547 0.000000 
4864 4740.725098 0.000000 
4992 4728.863770 0.000000 
5120 4737.375488 0.000000 
5248 4714.984375 0.000000 
5376 4767.787109 0.000000 
5504 4739.215820 0.000000 
5632 4761.711426 0.000000 
5760 4748.931152 0.000000 
5888 4755.612793 0.000000 
6016 4780.409668 0.000000 
6144 4750.588867 0.000000 
