1024 2877.738525 0.000000 
1152 2877.710205 0.000000 
1280 2986.102783 0.000000 
1408 3073.208496 0.000000 
1536 3158.757812 0.000000 
1664 3053.065918 0.000000 
1792 3167.206055 0.000000 
1920 3483.760986 0.000000 
2048 3474.420410 0.000000 
2176 3770.194336 0.000000 
2304 3854.728516 0.000000 
2432 3838.385742 0.000000 
2560 3797.083496 0.000000 
2688 3830.823730 0.000000 
2816 3872.236328 0.000000 
2944 3834.471924 0.000000 
3072 3851.764404 0.000000 
3200 3860.516602 0.000000 
3328 3858.881348 0.000000 
3456 3860.995850 0.000000 
3584 3866.185303 0.000000 
3712 3873.890625 0.000000 
3840 3849.075684 0.000000 
3968 3861.459961 0.000000 
4096 3867.520752 0.000000 
4224 3833.763428 0.000000 
4352 3813.525635 0.000000 
4480 3826.851318 0.000000 
4608 3820.235596 0.000000 
4736 3823.909668 0.000000 
4864 3826.551270 0.000000 
4992 3828.577393 0.000000 
5120 3825.099609 0.000000 
5248 3831.370850 0.000000 
5376 3827.182129 0.000000 
5504 3823.852539 0.000000 
5632 3821.851562 0.000000 
5760 3817.412842 0.000000 
5888 3816.172119 0.000000 
6016 3819.898193 0.000000 
6144 3818.033447 0.000000 
