1024 1029.908936 0.000000 
1152 1106.662964 0.000000 
1280 1075.939209 0.000000 
1408 1075.526489 0.000000 
1536 1139.481323 0.000000 
1664 1102.469971 0.000000 
1792 1119.475098 0.000000 
1920 1137.537842 0.000000 
2048 1129.919189 0.000000 
2176 1130.869507 0.000000 
2304 1138.600342 0.000000 
2432 1262.298462 0.000000 
2560 1364.794922 0.000000 
2688 1376.070312 0.000000 
2816 1364.876709 0.000000 
2944 1365.267944 0.000000 
3072 1376.841064 0.000000 
3200 1365.801514 0.000000 
3328 1372.010010 0.000000 
3456 1378.948730 0.000000 
3584 1374.543701 0.000000 
3712 1367.002075 0.000000 
3840 1362.446045 0.000000 
3968 1361.454956 0.000000 
4096 1365.972412 0.000000 
4224 1368.003540 0.000000 
4352 1365.332642 0.000000 
4480 1365.641602 0.000000 
4608 1365.359863 0.000000 
4736 1365.247070 0.000000 
4864 1367.467041 0.000000 
4992 1365.727417 0.000000 
5120 1369.626953 0.000000 
5248 1365.517456 0.000000 
5376 1365.942017 0.000000 
5504 1366.524536 0.000000 
5632 1367.515991 0.000000 
5760 1366.904785 0.000000 
5888 1367.912354 0.000000 
6016 1365.707886 0.000000 
6144 1369.068970 0.000000 
