1024 949.850830 0.000000 
1152 1006.801331 0.000000 
1280 984.253113 0.000000 
1408 1012.776550 0.000000 
1536 1034.108032 0.000000 
1664 1013.201904 0.000000 
1792 1135.245239 0.000000 
1920 1151.664062 0.000000 
2048 1227.891235 0.000000 
2176 1225.382202 0.000000 
2304 1248.792236 0.000000 
2432 1232.252197 0.000000 
2560 1240.579224 0.000000 
2688 1246.163330 0.000000 
2816 1241.014282 0.000000 
2944 1241.133057 0.000000 
3072 1252.500977 0.000000 
3200 1245.687622 0.000000 
3328 1245.116943 0.000000 
3456 1249.968750 0.000000 
3584 1245.017578 0.000000 
3712 1251.789062 0.000000 
3840 1235.239624 0.000000 
3968 1237.901978 0.000000 
4096 1236.711304 0.000000 
4224 1238.604370 0.000000 
4352 1236.154785 0.000000 
4480 1238.471680 0.000000 
4608 1239.495483 0.000000 
4736 1238.662964 0.000000 
4864 1237.042358 0.000000 
4992 1236.730347 0.000000 
5120 1241.140625 0.000000 
5248 1236.841675 0.000000 
5376 1238.594116 0.000000 
5504 1240.662842 0.000000 
5632 1242.989258 0.000000 
5760 1241.574463 0.000000 
5888 1241.010254 0.000000 
6016 1238.960938 0.000000 
6144 1242.301758 0.000000 
