1024 2721.034180 0.000000 
1152 3305.479492 0.000000 
1280 3177.425781 0.000000 
1408 3421.661621 0.000000 
1536 3944.349365 0.000000 
1664 3614.156738 0.000000 
1792 3407.112061 0.000000 
1920 3804.890625 0.000000 
2048 3671.012451 0.000000 
2176 3779.687744 0.000000 
2304 3884.483154 0.000000 
2432 3831.662109 0.000000 
2560 3820.004883 0.000000 
2688 3802.669922 0.000000 
2816 3840.219238 0.000000 
2944 4392.315430 0.000000 
3072 4806.587891 0.000000 
3200 4720.514648 0.000000 
3328 4644.187500 0.000000 
3456 4681.380371 0.000000 
3584 4675.195312 0.000000 
3712 4741.148926 0.000000 
3840 4780.250977 0.000000 
3968 4780.495117 0.000000 
4096 4716.914062 0.000000 
4224 4728.529785 0.000000 
4352 4724.120605 0.000000 
4480 4716.699707 0.000000 
4608 4704.272461 0.000000 
4736 4744.932129 0.000000 
4864 4736.027344 0.000000 
4992 4742.755859 0.000000 
5120 4719.756836 0.000000 
5248 4739.041504 0.000000 
5376 4743.417480 0.000000 
5504 4747.817871 0.000000 
5632 4761.791016 0.000000 
5760 4732.123535 0.000000 
5888 4748.186035 0.000000 
6016 4761.710449 0.000000 
6144 4756.768555 0.000000 
