1024 2222.221191 0.000000 
1152 2346.837646 0.000000 
1280 2354.318848 0.000000 
1408 2454.925537 0.000000 
1536 2530.867676 0.000000 
1664 2446.520020 0.000000 
1792 2551.768799 0.000000 
1920 2763.228271 0.000000 
2048 2750.391357 0.000000 
2176 2981.874756 0.000000 
2304 3014.563477 0.000000 
2432 3020.473633 0.000000 
2560 2997.052979 0.000000 
2688 3017.280029 0.000000 
2816 3034.328613 0.000000 
2944 3018.941895 0.000000 
3072 3041.033936 0.000000 
3200 3046.068848 0.000000 
3328 3048.302979 0.000000 
3456 3049.861816 0.000000 
3584 3068.771729 0.000000 
3712 3056.375488 0.000000 
3840 3057.052002 0.000000 
3968 3067.982666 0.000000 
4096 3089.915527 0.000000 
4224 3071.721680 0.000000 
4352 3042.429199 0.000000 
4480 3048.300049 0.000000 
4608 3042.590088 0.000000 
4736 3037.271729 0.000000 
4864 3035.069580 0.000000 
4992 3037.685791 0.000000 
5120 3045.407227 0.000000 
5248 3044.612793 0.000000 
5376 3042.427246 0.000000 
5504 3033.194824 0.000000 
5632 3030.687256 0.000000 
5760 3024.776855 0.000000 
5888 3031.854248 0.000000 
6016 3033.666748 0.000000 
6144 3038.154297 0.000000 
