1024 771.587952 0.000000 
1152 769.992798 0.000000 
1280 772.097229 0.000000 
1408 772.100281 0.000000 
1536 772.937866 0.000000 
1664 772.161194 0.000000 
1792 858.643188 0.000000 
1920 859.137207 0.000000 
2048 915.929077 0.000000 
2176 910.789917 0.000000 
2304 910.608215 0.000000 
2432 908.777710 0.000000 
2560 910.596924 0.000000 
2688 909.772583 0.000000 
2816 906.968872 0.000000 
2944 907.686279 0.000000 
3072 909.577026 0.000000 
3200 906.945129 0.000000 
3328 904.821411 0.000000 
3456 905.346313 0.000000 
3584 905.202698 0.000000 
3712 907.553284 0.000000 
3840 908.154602 0.000000 
3968 915.553772 0.000000 
4096 916.984802 0.000000 
4224 914.878174 0.000000 
4352 906.305115 0.000000 
4480 904.815247 0.000000 
4608 906.001465 0.000000 
4736 903.600891 0.000000 
4864 903.392700 0.000000 
4992 899.469788 0.000000 
5120 904.121582 0.000000 
5248 899.209229 0.000000 
5376 903.161438 0.000000 
5504 901.983032 0.000000 
5632 902.088379 0.000000 
5760 899.716614 0.000000 
5888 895.948181 0.000000 
6016 898.442505 0.000000 
6144 898.536804 0.000000 
