1024 1912.314819 0.000000 
1152 1861.114624 0.000000 
1280 1855.440063 0.000000 
1408 1887.264282 0.000000 
1536 2072.151855 0.000000 
1664 1987.008301 0.000000 
1792 2075.142334 0.000000 
1920 2318.539307 0.000000 
2048 2308.337891 0.000000 
2176 2461.194092 0.000000 
2304 2524.803223 0.000000 
2432 2505.323730 0.000000 
2560 2500.264648 0.000000 
2688 2560.686768 0.000000 
2816 2541.093018 0.000000 
2944 2544.683350 0.000000 
3072 2545.240967 0.000000 
3200 2544.074219 0.000000 
3328 2551.180664 0.000000 
3456 2544.887695 0.000000 
3584 2557.141357 0.000000 
3712 2563.016846 0.000000 
3840 2558.247314 0.000000 
3968 2556.520752 0.000000 
4096 2566.349121 0.000000 
4224 2560.334473 0.000000 
4352 2573.073730 0.000000 
4480 2562.223633 0.000000 
4608 2569.108643 0.000000 
4736 2541.871582 0.000000 
4864 2547.444824 0.000000 
4992 2541.306152 0.000000 
5120 2564.214111 0.000000 
5248 2551.492676 0.000000 
5376 2550.119385 0.000000 
5504 2547.948242 0.000000 
5632 2552.276367 0.000000 
5760 2556.176514 0.000000 
5888 2551.249268 0.000000 
6016 2550.085938 0.000000 
6144 2554.270264 0.000000 
