1024 1803.129150 0.000000 
1152 1837.387451 0.000000 
1280 1951.318237 0.000000 
1408 1923.958130 0.000000 
1536 1979.967407 0.000000 
1664 1938.937622 0.000000 
1792 2018.484131 0.000000 
1920 2123.064209 0.000000 
2048 2247.864258 0.000000 
2176 2292.272705 0.000000 
2304 2385.231689 0.000000 
2432 2393.105713 0.000000 
2560 2436.061768 0.000000 
2688 2450.965576 0.000000 
2816 2435.548828 0.000000 
2944 2448.542725 0.000000 
3072 2390.323486 0.000000 
3200 2464.269531 0.000000 
3328 2440.129639 0.000000 
3456 2423.110107 0.000000 
3584 2426.186768 0.000000 
3712 2464.368652 0.000000 
3840 2398.326416 0.000000 
3968 2415.353027 0.000000 
4096 2470.397949 0.000000 
4224 2391.264648 0.000000 
4352 2387.725342 0.000000 
4480 2429.384033 0.000000 
4608 2456.045410 0.000000 
4736 2444.416748 0.000000 
4864 2440.074463 0.000000 
4992 2435.385254 0.000000 
5120 2465.571045 0.000000 
5248 2441.515869 0.000000 
5376 2469.576172 0.000000 
5504 2484.247070 0.000000 
5632 2480.881104 0.000000 
5760 2460.900635 0.000000 
5888 2407.368896 0.000000 
6016 2395.005859 0.000000 
6144 2398.202393 0.000000 
