1024 2626.981201 0.000000 
1152 2654.872070 0.000000 
1280 2723.121338 0.000000 
1408 2797.172363 0.000000 
1536 2887.571289 0.000000 
1664 2775.139893 0.000000 
1792 2865.920898 0.000000 
1920 3110.448486 0.000000 
2048 3082.754150 0.000000 
2176 3310.099609 0.000000 
2304 3401.680176 0.000000 
2432 3340.527832 0.000000 
2560 3350.189941 0.000000 
2688 3379.233398 0.000000 
2816 3297.767334 0.000000 
2944 3352.695068 0.000000 
3072 3421.981689 0.000000 
3200 3409.673828 0.000000 
3328 3272.782471 0.000000 
3456 3126.112793 0.000000 
3584 3183.761475 0.000000 
3712 3378.423828 0.000000 
3840 3411.724121 0.000000 
3968 3212.249756 0.000000 
4096 3396.471436 0.000000 
4224 3146.841553 0.000000 
4352 3371.282959 0.000000 
4480 3297.968506 0.000000 
4608 3393.340820 0.000000 
4736 3325.529541 0.000000 
4864 3371.336426 0.000000 
4992 3313.677246 0.000000 
5120 3341.716797 0.000000 
5248 3356.053467 0.000000 
5376 3382.954346 0.000000 
5504 3386.799561 0.000000 
5632 3373.347656 0.000000 
5760 3391.399658 0.000000 
5888 3375.321777 0.000000 
6016 3391.131348 0.000000 
6144 3405.909668 0.000000 
